
% oscillating cosine data
stable_data = zeros(10,4);
%                  fm    wrf     Bz        wrf_amp  angle_max 
stable_data(1) = [  1   9000    5.818e-5    489.8    0.8888 ];
stable_data(2) = [  1   100160  6.488345e-4 5372.8   0.8752 ];

% cosine^3
  [  1     9000  5.8165e-5   665.5   
