gamma_n=1.83247172E8; % rad/s/T
gamma_3=2.037894585E8; % rad/s/T